100208
100206
100210
100211
100212
100213
100209
100210
100211
100201
100202
100207
100202
100203
100204
100205
100206
100209
100210
100212
100201
100201
100201
100201
100207
100208
100209
100204
100207
100208
100209
100208
100201
100202
100203
100211
100201
100202
100204
100207
100316
100301
100307
100319
100320
100501
100502
100302
100307
100308
100313
100314
100315
100319
100302
100307
100309
100310
100317
100318
100319
100313
100314
100315
100316
100319
100320
100502
100316
100502
100503
100504
100505
100301
100303
100304
100305
100503
100505
100302
100303
100304
100313
100316
100503
100504
100505
100503
100307
100308
100309
100310
100311
100312
100503
100316
100320
100501
100502
100503
100504
100308
100311
100312
100317
100319
100318
100319
100301
100305
100306
100307
100312
100317
100318
100319
100302
100303
100304
100305
100306
100302
100309
100311
100312
100317
100505
130104
100105
100106
100108
100115
100116
100117
100715
100717
100718
100719
100710
100712
100713
100714
100101
100110
100113
100109
100111
100112
100114
100115
100117
100105
100106
100108
100109
100707
100711
100716
100717
100718
100716
100719
100103
100106
100108
100112
100115
100114
100115
100116
100117
100711
100710
100712
100713
100714
100715
100703
100704
100705
100706
100710
100102
100103
100104
100106
100107
100111
100719
100719
100707
100716
100717
100706
100707
100708
100709
100710
100701
100712
100108
100106
100108
100109
100104
100106
100107
100109
100111
100112
100707
100716
100717
100707
100709
100711
100710
100714
100715
100717
100701
100702
100703
100710
100712
100101
100102
100103
100110
100111
100116
100706
100708
100109
100112
100703
100704
100704
100101
100110
100111
100113
100114
100116
100702
100703
100101
100103
100105
100103
100105
100106
100101
100707
100708
100101
100605
100606
100608
100609
100603
100609
100610
100603
100608
100603
100601
100601
100603
100601
100602
100603
100604
100605
100606
100608
100607
100608
100610
100601
100602
100603
100604
100607
100608
100606
100601
100604
100604
100605
100606
100610
100607
100608
100609
100610


